# mode_duration

m_d = [[4, 3, 2],
             [5, 4, 3],
             [7, 6, 5],
             [5, 4, 3],
             [7, 6, 5],
             [5, 4, 3],
             [4, 3, 2],
             [7, 6, 5],
             [6, 5, 4],
             [4, 3, 2]]

m_d = np.concatenate([m_d] * 3)

# site_factors

s_f = [[1, 0.75, 1.25, 1, 0.50, 0.85, 0.75],
          [1, 1.25, 1.50, 1, 0.75, 1.10, 0.50],
          [1, 0.75, 1.25, 1, 0.80, 0.70, 1.25],
          [1, 0.75, 1.20, 1, 1.00, 0.50, 1.00],
          [1, 1.25, 1.50, 1, 0.75, 1.10, 0.50],
          [1, 1.00, 1.25, 1, 0.00, 1.25, 1.00],
          [1, 0.50, 1.00, 1, 0.75, 0.50, 1.25],
          [1, 0.75, 0.75, 1, 0.80, 0.70, 1.25],
          [1, 0.75, 0.75, 1, 1.00, 0.50, 1.00],
          [1, 0.75, 0.50, 1, 0.85, 1.25, 0.50]]

s_f = np.concatenate([s_f] * 3)

s_f = np.concatenate([s_f] * 4, axis=1)


# resource_usage

r_u = [[5, 6, 7],
           [5, 8, 9],
           [1, 2, 3],
           [1, 3, 6],
           [3, 4, 5],
           [2, 6, 7],
           [5, 6, 7],
           [3, 6, 7],
           [4, 5, 7],
           [4, 7, 8]]

r_u = np.concatenate([r_u] * 3)


# resource_limit
30

# number_of_activities
30

# number_of_units
28

# number_of_crew
3

# number_of_mode
3