# mode_duration
      [[4, 3, 2],
       [5, 4, 3],
       [7, 6, 5],
       [5, 4, 3],
       [7, 6, 5],
       [5, 4, 3],
       [4, 3, 2],
       [7, 6, 5],
       [6, 5, 4],
       [4, 3, 2]]

# site_factors
       [1, 0.75, 1.25, 1, 0.50, 0.85, 0.75],
       [1, 1.25, 1.50, 1, 0.75, 1.10, 0.50],
       [1, 0.75, 1.25, 1, 0.80, 0.70, 1.25],
       [1, 0.75, 1.20, 1, 1.00, 0.50, 1.00],
       [1, 1.25, 1.50, 1, 0.75, 1.10, 0.50],
       [1, 1.00, 1.25, 1, 0.00, 1.25, 1.00],
       [1, 0.50, 1.00, 1, 0.75, 0.50, 1.25],
       [1, 0.75, 0.75, 1, 0.80, 0.70, 1.25],
       [1, 0.75, 0.75, 1, 1.00, 0.50, 1.00],
       [1, 0.75, 0.50, 1, 0.85, 1.25, 0.50]]

# number of activities
10

# number of units
7