# mode_duration
      [[4, 3, 2],
       [5, 4, 3],
       [7, 6, 5],
       [5, 4, 3],
       [7, 6, 5],
       [5, 4, 3],
       [4, 3, 2],
       [7, 6, 5],
       [6, 5, 4],
       [4, 3, 2],
       [4, 3, 2],
       [5, 4, 3],
       [7, 6, 5],
       [5, 4, 3],
       [7, 6, 5],
       [5, 4, 3],
       [4, 3, 2],
       [7, 6, 5],
       [6, 5, 4],
       [4, 3, 2]]

# site_factors
      [[1, 0.75, 1.25, 1, 0.50, 0.85, 0.75, 1, 0.75, 1.25, 1, 0.50, 0.85, 0.75],
       [1, 1.25, 1.50, 1, 0.75, 1.10, 0.50, 1, 1.25, 1.50, 1, 0.75, 1.10, 0.50],
       [1, 0.75, 1.25, 1, 0.80, 0.70, 1.25, 1, 0.75, 1.25, 1, 0.80, 0.70, 1.25],
       [1, 0.75, 1.20, 1, 1.00, 0.50, 1.00, 1, 0.75, 1.20, 1, 1.00, 0.50, 1.00],
       [1, 1.25, 1.50, 1, 0.75, 1.10, 0.50, 1, 1.25, 1.50, 1, 0.75, 1.10, 0.50],
       [1, 1.00, 1.25, 1, 0.00, 1.25, 1.00, 1, 1.00, 1.25, 1, 0.00, 1.25, 1.00],
       [1, 0.50, 1.00, 1, 0.75, 0.50, 1.25, 1, 0.50, 1.00, 1, 0.75, 0.50, 1.25],
       [1, 0.75, 0.75, 1, 0.80, 0.70, 1.25, 1, 0.75, 0.75, 1, 0.80, 0.70, 1.25],
       [1, 0.75, 0.75, 1, 1.00, 0.50, 1.00, 1, 0.75, 0.75, 1, 1.00, 0.50, 1.00],
       [1, 0.75, 0.50, 1, 0.85, 1.25, 0.50, 1, 0.75, 0.50, 1, 0.85, 1.25, 0.50],
       [1, 0.75, 1.25, 1, 0.50, 0.85, 0.75, 1, 0.75, 1.25, 1, 0.50, 0.85, 0.75],
       [1, 1.25, 1.50, 1, 0.75, 1.10, 0.50, 1, 1.25, 1.50, 1, 0.75, 1.10, 0.50],
       [1, 0.75, 1.25, 1, 0.80, 0.70, 1.25, 1, 0.75, 1.25, 1, 0.80, 0.70, 1.25],
       [1, 0.75, 1.20, 1, 1.00, 0.50, 1.00, 1, 0.75, 1.20, 1, 1.00, 0.50, 1.00],
       [1, 1.25, 1.50, 1, 0.75, 1.10, 0.50, 1, 1.25, 1.50, 1, 0.75, 1.10, 0.50],
       [1, 1.00, 1.25, 1, 0.00, 1.25, 1.00, 1, 1.00, 1.25, 1, 0.00, 1.25, 1.00],
       [1, 0.50, 1.00, 1, 0.75, 0.50, 1.25, 1, 0.50, 1.00, 1, 0.75, 0.50, 1.25],
       [1, 0.75, 0.75, 1, 0.80, 0.70, 1.25, 1, 0.75, 0.75, 1, 0.80, 0.70, 1.25],
       [1, 0.75, 0.75, 1, 1.00, 0.50, 1.00, 1, 0.75, 0.75, 1, 1.00, 0.50, 1.00],
       [1, 0.75, 0.50, 1, 0.85, 1.25, 0.50, 1, 0.75, 0.50, 1, 0.85, 1.25, 0.50]]

# site_factors
      [[5, 6, 7],
       [5, 8, 9],
       [1, 2, 3],
       [1, 3, 6],
       [3, 4, 5],
       [2, 6, 7],
       [5, 6, 7],
       [3, 6, 7],
       [4, 5, 7],
       [4, 7, 8],
       [5, 6, 7],
       [5, 8, 9],
       [1, 2, 3],
       [1, 3, 6],
       [3, 4, 5],
       [2, 6, 7],
       [5, 6, 7],
       [3, 6, 7],
       [4, 5, 7],
       [4, 7, 8]]

# resource_limit
30

# number_of_activities
20

# number_of_units
14

# number_of_crew
6

# number_of_mode
3